2.103949044585987360e-01 8.050401695072650909e-03
1.991847133757961713e-02 2.336630523204803467e-01
6.708025477707006690e-02 6.750158965587615967e-02
1.749273885350318414e-01 9.018211625516414642e-03
1.920178343949044686e-01 8.866715244948863983e-03
5.689681528662420690e-02 7.577769458293914795e-02
1.072789808917197496e-01 2.611426450312137604e-02
1.157579617834394864e-01 2.043132856488227844e-02
1.990343949044585947e-01 8.171576075255870819e-03
1.283796178343949157e-01 1.732578314840793610e-02
1.350394904458598611e-01 1.351940818130970001e-02
3.017324840764331120e-02 1.387957185506820679e-01
4.043057324840764605e-02 1.024921387434005737e-01
1.425732484076433215e-01 1.204861141741275787e-02
2.153375796178343821e-02 1.919779777526855469e-01
2.042292993630573372e-02 2.198933362960815430e-01
9.406114649681528161e-02 4.429697245359420776e-02
4.338598726114649418e-02 9.239286184310913086e-02
3.212993630573248577e-02 1.251399964094161987e-01
9.647388535031847789e-02 3.764968737959861755e-02
1.210547770700636933e-01 1.943338662385940552e-02
1.672484076433121136e-01 9.903635829687118530e-03
1.616738853503184581e-01 1.112841535359621048e-02
7.266242038216561006e-02 6.379411369562149048e-02
8.928407643312101516e-02 4.851079732179641724e-02
2.081528662420382286e-02 2.076776474714279175e-01
8.342420382165605108e-02 5.581083893775939941e-02
2.109299363057324725e-02 2.032405287027359009e-01
4.899363057324841036e-02 8.830570429563522339e-02
3.698853503184713204e-02 1.139502376317977905e-01
2.179108280254777111e-02 1.837760955095291138e-01
5.591592356687898058e-02 8.118119090795516968e-02
2.780891719745223062e-02 1.411197185516357422e-01
2.423184713375796037e-02 1.613135933876037598e-01
1.037273885350318420e-01 3.239601850509643555e-02
5.024968152866242377e-02 8.409351855516433716e-02
2.347515923566878895e-02 1.654276847839355469e-01
2.019108280254777038e-02 2.264678478240966797e-01
8.613757961783440054e-02 5.253359675407409668e-02
2.558726114649681471e-02 1.495436877012252808e-01
9.952611464968152966e-02 3.248513489961624146e-02
1.505605095541401317e-01 1.154084317386150360e-02
4.187515923566879211e-02 9.919084608554840088e-02
1.536229299363057188e-01 1.145542506128549576e-02
2.492738853503184693e-02 1.515642702579498291e-01
7.873121019108279828e-02 6.105262413620948792e-02
2.260636942675159355e-02 1.739165186882019043e-01
2.236687898089171830e-02 1.767651289701461792e-01
7.751847133757962249e-02 6.218867376446723938e-02
3.614267515923566543e-02 1.200711354613304138e-01
